1 38.15995 91.95335
1 47.45717 111.9386
1 33.87492 76.96106
1 41.60539 98.5926
1 23.22661 18.34295
1 48.12914 161.8712
1 20.20365 15.87882
1 25.2514 29.8325
1 73.49621 490.0017
1 89.01707 592.3649
1 78.74431 398.0695
1 9.856627 3.169382
1 23.27243 30.85193
1 88.67343 497.0829
1 20.16615 14.93106
2 72.88033 6183.51
2 5.429638 1.51811
2 68.03822 3135.969
2 89.7915 10651.57
2 52.73939 1489.18
2 42.71855 1118.783
2 70.64667 4243.033
2 28.06631 281.2371
2 58.49781 2140.866
2 53.21081 2142.372
2 24.72226 218.2548
2 31.1271 375.5033
2 43.58466 1296.887
2 43.43697 1036.999
2 34.70031 509.221
3 52.36403 648.9329
3 59.98081 1088.778
3 19.25844 42.89852
3 92.76879 3283.063
3 17.5877 26.19211
3 72.82114 1657.58
3 80.4677 1367.677
3 0.4912796 0.001301403
3 7.797685 2.639084
3 49.01599 483.1876
3 4.112866 0.4077586
3 66.75513 913.9887
3 28.45174 128.2173
3 2.991826 0.2196376
3 77.88183 2077.872
4 6.679937 5.0405
4 8.595331 13.61233
4 22.68271 400.9953
4 44.43524 4427.806
4 6.094438 4.645018
4 89.49408 46894.07
4 30.99354 968.0383
4 71.1796 15974.37
4 97.40446 56742.31
4 59.85281 9641.025
4 0.2095129 5.458571e-05
4 33.21612 1658.079
4 6.244377 5.944931
4 62.05175 16904.1
4 75.35076 33353.87
5 29.78046 1577.264
5 10.9904 41.67909
5 17.44616 229.0869
5 3.833347 1.054226
5 81.45437 46076.61
5 2.455215 0.3586997
5 74.39781 34249.71
5 17.41127 252.716
5 43.99682 4749.158
5 92.05055 97360.57
5 10.81942 37.45437
5 18.81776 234.9257
5 97.42278 52338.4
5 7.868658 9.717646
5 95.08418 73003.51
6 39.98317 1082.352
6 85.59528 12671.95
6 32.91994 431.6602
6 11.58357 15.15816
6 29.01898 476.4225
6 9.55023 9.209729
6 96.43585 13950.28
6 28.87376 244.8483
6 57.43357 2832.4
6 49.80316 2033.699
6 72.59334 11182.3
6 26.47871 302.2553
6 30.73794 445.8061
6 91.36 13405.79
6 79.28324 6358.931
7 93.81805 910.4089
7 26.31281 35.6985
7 41.4923 101.9792
7 5.311463 0.6757423
7 99.67319 1191.616
7 4.804544 0.4022364
7 14.4651 8.562078
7 19.7192 17.2589
7 47.83024 182.5044
7 33.21083 55.57492
7 24.35942 40.35346
7 44.31539 150.8787
7 44.28417 128.8926
7 97.54134 1643.702
7 76.79888 755.4385
8 45.53552 782.4177
8 21.96608 126.5109
8 55.55493 1528.357
8 30.68579 305.6225
8 53.586 1294.692
8 48.17893 1322.897
8 75.34021 3378.112
8 93.96168 12391.34
8 44.94788 1148.421
8 45.15484 1331.455
8 23.27764 117.6385
8 39.16034 713.4139
8 66.60328 4052.283
8 23.1111 88.28657
8 69.21721 3987.376
9 22.09078 27.33312
9 11.72733 5.478102
9 40.61414 205.865
9 13.33824 7.536514
9 81.12224 832.3142
9 27.19602 48.24533
9 5.084081 0.7182371
9 6.463212 1.259728
9 73.99464 713.5738
9 1.733452 0.04754182
9 89.05965 1373.669
9 11.24436 3.696813
9 55.49331 288.2795
9 33.67393 73.36706
9 7.243169 2.141318
10 8.589741 4.332921
10 66.19521 1391.644
10 56.69719 869.4442
10 45.18184 645.2477
10 85.04276 3672.106
10 16.10263 24.58966
10 93.28277 3909.363
10 48.70552 723.4304
10 97.61774 3566.378
10 39.62046 339.5271
10 1.277622 0.01988959
10 88.10342 4276.488
10 87.54625 2696.812
10 25.7566 89.58839
10 11.95921 12.22879
11 0.009966269 3.525386e-09
11 73.30786 8837.633
11 89.8676 13581.64
11 70.71223 8336.848
11 97.95101 20118.24
11 17.81886 166.3388
11 69.54133 7127.717
11 11.16208 29.51378
11 97.95718 24461.26
11 18.30805 143.0097
11 66.53475 11055.6
11 34.19465 1472.355
11 31.7471 601.4957
11 51.73329 3015.372
11 98.8622 23015.83
12 11.33472 19.43145
12 58.50401 6576.367
12 40.56577 1926.403
12 28.07701 732.6569
12 66.72946 13211.65
12 26.01743 430.2813
12 44.95135 3082.492
12 12.1604 27.69414
12 16.70248 129.2862
12 26.61761 371.5463
12 6.18576 3.019372
12 21.23799 298.5637
12 49.98453 3922.277
12 25.48873 460.4943
12 52.86759 4985.002
13 10.60171 30.16327
13 1.220964 0.01905629
13 86.58734 37188.18
13 52.50056 6445.755
13 35.53573 1444.999
13 73.28749 14640.48
13 90.48143 43557.47
13 63.74148 12452.72
13 48.86099 3600.192
13 24.71239 527.3417
13 21.30848 297.1426
13 83.15826 40228.3
13 64.94018 11274.17
13 3.893143 0.8133101
13 20.09805 220.0676
14 39.47345 137.3967
14 48.77115 277.0352
14 60.50262 929.8912
14 44.26336 254.2479
14 83.73226 1337.736
14 60.17059 644.5214
14 42.94588 247.955
14 86.98761 1285.789
14 29.845 109.6411
14 15.09729 9.679784
14 9.600286 4.763973
14 23.34152 38.97775
14 41.72878 173.6889
14 4.009043 0.4126062
14 54.20628 368.3217
15 22.15544 847.3124
15 22.21144 548.4742
15 16.9293 317.0452
15 76.05662 43454.24
15 91.88317 111997.9
15 7.578259 12.69877
15 19.01351 515.0179
15 75.22485 39436.76
15 90.96215 78684.78
15 45.73412 7668.655
15 9.52821 19.28717
15 97.70048 124332.4
15 42.39123 4858.276
15 69.38328 34981.01
15 4.905672 2.322345
16 16.7301 20.45336
16 52.42453 306.669
16 3.914934 0.4593181
16 52.11718 309.6866
16 28.73324 63.18022
16 29.23068 86.92774
16 23.0121 45.41398
16 4.990378 0.9292528
16 64.30593 687.7801
16 49.2054 384.7531
16 17.3418 25.5297
16 69.53309 908.5164
16 78.19345 1257.188
16 93.57026 2183.815
16 45.97459 281.372
17 72.37957 36099.86
17 57.00804 16934.46
17 9.040381 26.04031
17 15.97817 246.9846
17 86.82668 80777.18
17 79.38206 52909.22
17 71.91882 43297.75
17 23.70763 672.477
17 59.72796 18984.41
17 78.10457 58038.54
17 86.49159 55743.59
17 97.24334 98548.25
17 25.6107 1070.441
17 50.16497 9560.495
17 56.02797 19537.52
18 52.15356 943.9735
18 73.01927 1327.231
18 82.16233 2675.25
18 14.31468 17.475
18 29.06618 172.7154
18 68.29464 2094.84
18 69.6209 1930.732
18 41.30428 471.2517
18 27.83682 114.1568
18 73.14469 2225.22
18 37.8056 355.1421
18 43.00043 320.025
18 38.68383 259.2324
18 39.29882 340.9128
18 17.091 27.72887
19 7.438654 4.113977
19 87.47094 3122.577
19 20.44528 52.21405
19 49.11776 536.599
19 86.19662 2281.476
19 6.314315 1.840219
19 35.94921 250.7017
19 28.9994 102.4786
19 40.04694 353.009
19 53.41067 836.9404
19 10.44855 7.561276
19 93.11976 4298.657
19 82.69035 2491.849
19 11.86634 11.61214
19 30.92871 103.8815
20 93.85222 8738.81
20 52.38294 2098.207
20 42.53393 979.8594
20 79.49438 6333.723
20 79.50339 8048.758
20 44.10755 1059.959
20 47.21078 2758.161
20 12.80798 25.65098
20 37.95841 562.924
20 10.05866 13.22965
20 21.70674 118.652
20 68.31679 6935.17
20 52.64571 2137.454
20 29.53908 412.8887
20 32.98661 401.7457
